YMF2018_009_S25001.trim	192919	103484	5187	2619	81628	11282637	60232	0.00534	myersPopGen_clusterRamp_deNovo_090_01
YMF2018_011_S27001.trim	184378	98984	4950	2577	77867	10746146	59558	0.00554	myersPopGen_clusterRamp_deNovo_090_01
YMF2018_012_S29001.trim	188851	100865	5062	2639	80283	11068910	61045	0.00551	myersPopGen_clusterRamp_deNovo_090_01
YMF2018_013_S31001.trim	193059	102027	5238	2624	83169	11454689	62408	0.00545	myersPopGen_clusterRamp_deNovo_090_01
YMF2018_017_S33001.trim	173167	97466	4411	2476	68812	9492939	52925	0.00558	myersPopGen_clusterRamp_deNovo_090_01
YMF2018_018_S35001.trim	173948	97706	4424	2500	69318	9556510	52452	0.00549	myersPopGen_clusterRamp_deNovo_090_01
YMF2018_019_S37001.trim	184770	99947	4989	2706	77127	10651255	57755	0.00542	myersPopGen_clusterRamp_deNovo_090_01
YMF2018_022_S39001.trim	183052	98359	5003	2563	77125	10640278	58151	0.00547	myersPopGen_clusterRamp_deNovo_090_01
YMF2018_025_S26001.trim	185529	99464	4935	2727	78403	10843636	59571	0.00549	myersPopGen_clusterRamp_deNovo_090_01
YMF2018_028_S28001.trim	200573	105441	5413	2771	86944	11991889	65562	0.00547	myersPopGen_clusterRamp_deNovo_090_01
YMF2018_030_S30001.trim	183325	99702	4937	2583	76102	10532993	57360	0.00545	myersPopGen_clusterRamp_deNovo_090_01
YMF2018_032_S32001.trim	185908	99622	5029	2686	78569	10881214	58071	0.00534	myersPopGen_clusterRamp_deNovo_090_01
YMF2018_033_S34001.trim	189083	101426	5056	2698	79901	11043321	60402	0.00547	myersPopGen_clusterRamp_deNovo_090_01
YMF2018_036_S36001.trim	179422	98538	4720	2662	73500	10161612	55782	0.00549	myersPopGen_clusterRamp_deNovo_090_01
YMF2018_037_S38001.trim	193157	102422	5178	2799	82755	11430050	61660	0.00539	myersPopGen_clusterRamp_deNovo_090_01
YMF2018_039_S40001.trim	177234	96326	4753	2503	73649	10199877	55641	0.00546	myersPopGen_clusterRamp_deNovo_090_01
YMF2018_009_S25001.trim	192919	103484	5187	2619	81628	11282637	60232	0.00534	myersPopGen_clusterRamp_deNovo_090_02
YMF2018_011_S27001.trim	184378	98984	4950	2577	77867	10746146	59558	0.00554	myersPopGen_clusterRamp_deNovo_090_02
YMF2018_012_S29001.trim	188851	100865	5062	2639	80283	11068910	61045	0.00551	myersPopGen_clusterRamp_deNovo_090_02
YMF2018_013_S31001.trim	193059	102027	5238	2624	83169	11454689	62408	0.00545	myersPopGen_clusterRamp_deNovo_090_02
YMF2018_017_S33001.trim	173167	97466	4411	2476	68812	9492939	52925	0.00558	myersPopGen_clusterRamp_deNovo_090_02
YMF2018_018_S35001.trim	173948	97706	4424	2500	69318	9556510	52452	0.00549	myersPopGen_clusterRamp_deNovo_090_02
YMF2018_019_S37001.trim	184770	99947	4989	2706	77127	10651255	57755	0.00542	myersPopGen_clusterRamp_deNovo_090_02
YMF2018_022_S39001.trim	183052	98359	5003	2563	77125	10640278	58151	0.00547	myersPopGen_clusterRamp_deNovo_090_02
YMF2018_025_S26001.trim	185529	99464	4935	2727	78403	10843636	59571	0.00549	myersPopGen_clusterRamp_deNovo_090_02
YMF2018_028_S28001.trim	200573	105441	5413	2771	86944	11991889	65562	0.00547	myersPopGen_clusterRamp_deNovo_090_02
YMF2018_030_S30001.trim	183325	99702	4937	2583	76102	10532993	57360	0.00545	myersPopGen_clusterRamp_deNovo_090_02
YMF2018_032_S32001.trim	185908	99622	5029	2686	78569	10881214	58071	0.00534	myersPopGen_clusterRamp_deNovo_090_02
YMF2018_033_S34001.trim	189083	101426	5056	2698	79901	11043321	60402	0.00547	myersPopGen_clusterRamp_deNovo_090_02
YMF2018_036_S36001.trim	179422	98538	4720	2662	73500	10161612	55782	0.00549	myersPopGen_clusterRamp_deNovo_090_02
YMF2018_037_S38001.trim	193157	102422	5178	2799	82755	11430050	61660	0.00539	myersPopGen_clusterRamp_deNovo_090_02
YMF2018_039_S40001.trim	177234	96326	4753	2503	73649	10199877	55641	0.00546	myersPopGen_clusterRamp_deNovo_090_02
YMF2018_009_S25001.trim	206218	113760	4368	2455	85632	11836659	63848	0.00539	myersPopGen_clusterRamp_deNovo_091_01
YMF2018_011_S27001.trim	197266	108961	4203	2395	81707	11277855	63154	0.00560	myersPopGen_clusterRamp_deNovo_091_01
YMF2018_012_S29001.trim	202635	111577	4377	2364	84315	11628285	64783	0.00557	myersPopGen_clusterRamp_deNovo_091_01
YMF2018_013_S31001.trim	207342	113066	4425	2413	87436	12044937	66561	0.00553	myersPopGen_clusterRamp_deNovo_091_01
YMF2018_017_S33001.trim	184832	106510	3833	2282	72203	9960985	56194	0.00564	myersPopGen_clusterRamp_deNovo_091_01
YMF2018_018_S35001.trim	185758	106836	3782	2293	72847	10044351	56088	0.00558	myersPopGen_clusterRamp_deNovo_091_01
YMF2018_019_S37001.trim	197778	110110	4218	2458	80991	11187418	61663	0.00551	myersPopGen_clusterRamp_deNovo_091_01
YMF2018_022_S39001.trim	196236	108600	4240	2345	81049	11182700	62472	0.00559	myersPopGen_clusterRamp_deNovo_091_01
YMF2018_025_S26001.trim	198849	109822	4220	2462	82345	11389386	63530	0.00558	myersPopGen_clusterRamp_deNovo_091_01
YMF2018_028_S28001.trim	215842	117297	4683	2510	91349	12598827	69748	0.00554	myersPopGen_clusterRamp_deNovo_091_01
YMF2018_030_S30001.trim	195986	109483	4209	2426	79865	11053813	60939	0.00551	myersPopGen_clusterRamp_deNovo_091_01
YMF2018_032_S32001.trim	199030	109852	4244	2468	82462	11421705	61754	0.00541	myersPopGen_clusterRamp_deNovo_091_01
YMF2018_033_S34001.trim	202675	111977	4331	2556	83810	11584786	64089	0.00553	myersPopGen_clusterRamp_deNovo_091_01
YMF2018_036_S36001.trim	191996	108401	4120	2431	77041	10651648	58958	0.00554	myersPopGen_clusterRamp_deNovo_091_01
YMF2018_037_S38001.trim	207395	113603	4393	2551	86847	11995367	65872	0.00549	myersPopGen_clusterRamp_deNovo_091_01
YMF2018_039_S40001.trim	189021	105532	3985	2240	77262	10698814	58980	0.00551	myersPopGen_clusterRamp_deNovo_091_01
YMF2018_009_S25001.trim	206218	113760	4368	2455	85632	11836659	63848	0.00539	myersPopGen_clusterRamp_deNovo_091_02
YMF2018_011_S27001.trim	197266	108961	4203	2395	81707	11277855	63154	0.00560	myersPopGen_clusterRamp_deNovo_091_02
YMF2018_012_S29001.trim	202635	111577	4377	2364	84315	11628285	64783	0.00557	myersPopGen_clusterRamp_deNovo_091_02
YMF2018_013_S31001.trim	207342	113066	4425	2413	87436	12044937	66561	0.00553	myersPopGen_clusterRamp_deNovo_091_02
YMF2018_017_S33001.trim	184832	106510	3833	2282	72203	9960985	56194	0.00564	myersPopGen_clusterRamp_deNovo_091_02
YMF2018_018_S35001.trim	185758	106836	3782	2293	72847	10044351	56088	0.00558	myersPopGen_clusterRamp_deNovo_091_02
YMF2018_019_S37001.trim	197778	110110	4218	2458	80991	11187418	61663	0.00551	myersPopGen_clusterRamp_deNovo_091_02
YMF2018_022_S39001.trim	196236	108600	4240	2345	81049	11182700	62472	0.00559	myersPopGen_clusterRamp_deNovo_091_02
YMF2018_025_S26001.trim	198849	109822	4220	2462	82345	11389386	63530	0.00558	myersPopGen_clusterRamp_deNovo_091_02
YMF2018_028_S28001.trim	215842	117297	4683	2510	91349	12598827	69748	0.00554	myersPopGen_clusterRamp_deNovo_091_02
YMF2018_030_S30001.trim	195986	109483	4209	2426	79865	11053813	60939	0.00551	myersPopGen_clusterRamp_deNovo_091_02
YMF2018_032_S32001.trim	199030	109852	4244	2468	82462	11421705	61754	0.00541	myersPopGen_clusterRamp_deNovo_091_02
YMF2018_033_S34001.trim	202675	111977	4331	2556	83810	11584786	64089	0.00553	myersPopGen_clusterRamp_deNovo_091_02
YMF2018_036_S36001.trim	191996	108401	4120	2431	77041	10651648	58958	0.00554	myersPopGen_clusterRamp_deNovo_091_02
YMF2018_037_S38001.trim	207395	113603	4393	2551	86847	11995367	65872	0.00549	myersPopGen_clusterRamp_deNovo_091_02
YMF2018_039_S40001.trim	189021	105532	3985	2240	77262	10698814	58980	0.00551	myersPopGen_clusterRamp_deNovo_091_02
YMF2018_009_S25001.trim	216345	122008	3744	2273	88319	12206130	65753	0.00539	myersPopGen_clusterRamp_deNovo_092_01
YMF2018_011_S27001.trim	207301	117097	3690	2250	84264	11626480	65098	0.00560	myersPopGen_clusterRamp_deNovo_092_01
YMF2018_012_S29001.trim	213407	120454	3861	2199	86891	11979303	66699	0.00557	myersPopGen_clusterRamp_deNovo_092_01
YMF2018_013_S31001.trim	218012	121812	3853	2246	90101	12409380	68633	0.00553	myersPopGen_clusterRamp_deNovo_092_01
YMF2018_017_S33001.trim	193286	113572	3364	2025	74322	10251463	57715	0.00563	myersPopGen_clusterRamp_deNovo_092_01
YMF2018_018_S35001.trim	194401	114039	3179	2151	75031	10344294	57851	0.00559	myersPopGen_clusterRamp_deNovo_092_01
YMF2018_019_S37001.trim	207419	118032	3647	2255	83483	11532667	63556	0.00551	myersPopGen_clusterRamp_deNovo_092_01
YMF2018_022_S39001.trim	206213	116641	3712	2202	83651	11538851	64619	0.00560	myersPopGen_clusterRamp_deNovo_092_01
YMF2018_025_S26001.trim	209224	118351	3644	2363	84866	11734435	65214	0.00556	myersPopGen_clusterRamp_deNovo_092_01
YMF2018_028_S28001.trim	228389	127698	4067	2345	94275	13000108	71885	0.00553	myersPopGen_clusterRamp_deNovo_092_01
YMF2018_030_S30001.trim	205659	117534	3709	2105	82311	11389612	63057	0.00554	myersPopGen_clusterRamp_deNovo_092_01
YMF2018_032_S32001.trim	208855	117923	3649	2292	84987	11768754	63721	0.00541	myersPopGen_clusterRamp_deNovo_092_01
YMF2018_033_S34001.trim	213360	120768	3702	2382	86507	11956315	65937	0.00551	myersPopGen_clusterRamp_deNovo_092_01
YMF2018_036_S36001.trim	201359	116181	3477	2249	79451	10982993	60531	0.00551	myersPopGen_clusterRamp_deNovo_092_01
YMF2018_037_S38001.trim	218688	122768	3891	2383	89645	12378571	67555	0.00546	myersPopGen_clusterRamp_deNovo_092_01
YMF2018_039_S40001.trim	198471	113223	3471	2134	79641	11025694	61030	0.00554	myersPopGen_clusterRamp_deNovo_092_01
YMF2018_009_S25001.trim	216345	122008	3744	2273	88319	12206130	65753	0.00539	myersPopGen_clusterRamp_deNovo_092_02
YMF2018_011_S27001.trim	207301	117097	3690	2250	84264	11626480	65098	0.00560	myersPopGen_clusterRamp_deNovo_092_02
YMF2018_012_S29001.trim	213407	120454	3861	2199	86891	11979303	66699	0.00557	myersPopGen_clusterRamp_deNovo_092_02
YMF2018_013_S31001.trim	218012	121812	3853	2246	90101	12409380	68633	0.00553	myersPopGen_clusterRamp_deNovo_092_02
YMF2018_017_S33001.trim	193286	113572	3364	2025	74322	10251463	57715	0.00563	myersPopGen_clusterRamp_deNovo_092_02
YMF2018_018_S35001.trim	194401	114039	3179	2151	75031	10344294	57851	0.00559	myersPopGen_clusterRamp_deNovo_092_02
YMF2018_019_S37001.trim	207419	118032	3647	2255	83483	11532667	63556	0.00551	myersPopGen_clusterRamp_deNovo_092_02
YMF2018_022_S39001.trim	206213	116641	3712	2202	83651	11538851	64619	0.00560	myersPopGen_clusterRamp_deNovo_092_02
YMF2018_025_S26001.trim	209224	118351	3644	2363	84866	11734435	65214	0.00556	myersPopGen_clusterRamp_deNovo_092_02
YMF2018_028_S28001.trim	228389	127698	4067	2345	94275	13000108	71885	0.00553	myersPopGen_clusterRamp_deNovo_092_02
YMF2018_030_S30001.trim	205659	117534	3709	2105	82311	11389612	63057	0.00554	myersPopGen_clusterRamp_deNovo_092_02
YMF2018_032_S32001.trim	208855	117923	3649	2292	84987	11768754	63721	0.00541	myersPopGen_clusterRamp_deNovo_092_02
YMF2018_033_S34001.trim	213360	120768	3702	2382	86507	11956315	65937	0.00551	myersPopGen_clusterRamp_deNovo_092_02
YMF2018_036_S36001.trim	201359	116181	3477	2249	79451	10982993	60531	0.00551	myersPopGen_clusterRamp_deNovo_092_02
YMF2018_037_S38001.trim	218688	122768	3891	2383	89645	12378571	67555	0.00546	myersPopGen_clusterRamp_deNovo_092_02
YMF2018_039_S40001.trim	198471	113223	3471	2134	79641	11025694	61030	0.00554	myersPopGen_clusterRamp_deNovo_092_02
YMF2018_009_S25001.trim	236239	138799	2521	1963	92954	12850904	68675	0.00534	myersPopGen_clusterRamp_deNovo_093_01
YMF2018_011_S27001.trim	226505	133144	2524	1927	88910	12268415	67967	0.00554	myersPopGen_clusterRamp_deNovo_093_01
YMF2018_012_S29001.trim	233608	137221	2711	1873	91802	12657309	70056	0.00553	myersPopGen_clusterRamp_deNovo_093_01
YMF2018_013_S31001.trim	239062	139488	2614	1858	95102	13098647	71886	0.00549	myersPopGen_clusterRamp_deNovo_093_01
YMF2018_017_S33001.trim	209890	127571	2294	1705	78318	10805655	60148	0.00557	myersPopGen_clusterRamp_deNovo_093_01
YMF2018_018_S35001.trim	209809	126962	2212	1791	78844	10874217	60259	0.00554	myersPopGen_clusterRamp_deNovo_093_01
YMF2018_019_S37001.trim	224762	132352	2441	1928	88040	12165992	66521	0.00547	myersPopGen_clusterRamp_deNovo_093_01
YMF2018_022_S39001.trim	224937	132396	2596	1823	88118	12156027	67313	0.00554	myersPopGen_clusterRamp_deNovo_093_01
YMF2018_025_S26001.trim	228299	134379	2501	1944	89473	12375386	68371	0.00552	myersPopGen_clusterRamp_deNovo_093_01
YMF2018_028_S28001.trim	250604	146377	2789	2007	99427	13713862	75170	0.00548	myersPopGen_clusterRamp_deNovo_093_01
YMF2018_030_S30001.trim	224596	133284	2494	1883	86934	12028465	65975	0.00548	myersPopGen_clusterRamp_deNovo_093_01
YMF2018_032_S32001.trim	227961	133953	2480	1923	89601	12408427	66850	0.00539	myersPopGen_clusterRamp_deNovo_093_01
YMF2018_033_S34001.trim	234272	138657	2510	1989	91113	12593004	68801	0.00546	myersPopGen_clusterRamp_deNovo_093_01
YMF2018_036_S36001.trim	219870	131833	2331	1949	83756	11579269	63171	0.00546	myersPopGen_clusterRamp_deNovo_093_01
YMF2018_037_S38001.trim	240221	140971	2674	2043	94530	13053746	70559	0.00541	myersPopGen_clusterRamp_deNovo_093_01
YMF2018_039_S40001.trim	216020	127849	2321	1818	84030	11632184	63779	0.00548	myersPopGen_clusterRamp_deNovo_093_01
YMF2018_009_S25001.trim	236239	138799	2521	1963	92954	12850904	68675	0.00534	myersPopGen_clusterRamp_deNovo_093_02
YMF2018_011_S27001.trim	226505	133144	2524	1927	88910	12268415	67967	0.00554	myersPopGen_clusterRamp_deNovo_093_02
YMF2018_012_S29001.trim	233608	137221	2711	1873	91802	12657309	70056	0.00553	myersPopGen_clusterRamp_deNovo_093_02
YMF2018_013_S31001.trim	239062	139488	2614	1858	95102	13098647	71886	0.00549	myersPopGen_clusterRamp_deNovo_093_02
YMF2018_017_S33001.trim	209890	127571	2294	1705	78318	10805655	60148	0.00557	myersPopGen_clusterRamp_deNovo_093_02
YMF2018_018_S35001.trim	209809	126962	2212	1791	78844	10874217	60259	0.00554	myersPopGen_clusterRamp_deNovo_093_02
YMF2018_019_S37001.trim	224762	132352	2441	1928	88040	12165992	66521	0.00547	myersPopGen_clusterRamp_deNovo_093_02
YMF2018_022_S39001.trim	224937	132396	2596	1823	88118	12156027	67313	0.00554	myersPopGen_clusterRamp_deNovo_093_02
YMF2018_025_S26001.trim	228299	134379	2501	1944	89473	12375386	68371	0.00552	myersPopGen_clusterRamp_deNovo_093_02
YMF2018_028_S28001.trim	250604	146377	2789	2007	99427	13713862	75170	0.00548	myersPopGen_clusterRamp_deNovo_093_02
YMF2018_030_S30001.trim	224596	133284	2494	1883	86934	12028465	65975	0.00548	myersPopGen_clusterRamp_deNovo_093_02
YMF2018_032_S32001.trim	227961	133953	2480	1923	89601	12408427	66850	0.00539	myersPopGen_clusterRamp_deNovo_093_02
YMF2018_033_S34001.trim	234272	138657	2510	1989	91113	12593004	68801	0.00546	myersPopGen_clusterRamp_deNovo_093_02
YMF2018_036_S36001.trim	219870	131833	2331	1949	83756	11579269	63171	0.00546	myersPopGen_clusterRamp_deNovo_093_02
YMF2018_037_S38001.trim	240221	140971	2674	2043	94530	13053746	70559	0.00541	myersPopGen_clusterRamp_deNovo_093_02
YMF2018_039_S40001.trim	216020	127849	2321	1818	84030	11632184	63779	0.00548	myersPopGen_clusterRamp_deNovo_093_02
YMF2018_009_S25001.trim	251275	151793	1738	1714	96028	13273739	70400	0.00530	myersPopGen_clusterRamp_deNovo_094_01
YMF2018_011_S27001.trim	240631	145375	1752	1628	91876	12675826	69242	0.00546	myersPopGen_clusterRamp_deNovo_094_01
YMF2018_012_S29001.trim	249010	150515	1872	1685	94937	13084899	71175	0.00544	myersPopGen_clusterRamp_deNovo_094_01
YMF2018_013_S31001.trim	254915	153068	1836	1660	98351	13542196	72921	0.00538	myersPopGen_clusterRamp_deNovo_094_01
YMF2018_017_S33001.trim	222084	138182	1517	1516	80867	11154891	61261	0.00549	myersPopGen_clusterRamp_deNovo_094_01
YMF2018_018_S35001.trim	221970	137468	1540	1503	81457	11231341	61008	0.00543	myersPopGen_clusterRamp_deNovo_094_01
YMF2018_019_S37001.trim	239219	144920	1701	1648	90947	12563826	67220	0.00535	myersPopGen_clusterRamp_deNovo_094_01
YMF2018_022_S39001.trim	239204	144800	1807	1542	91050	12555309	68502	0.00546	myersPopGen_clusterRamp_deNovo_094_01
YMF2018_025_S26001.trim	242823	146927	1710	1671	92514	12791093	69793	0.00546	myersPopGen_clusterRamp_deNovo_094_01
YMF2018_028_S28001.trim	267669	161255	1942	1721	102750	14166981	76482	0.00540	myersPopGen_clusterRamp_deNovo_094_01
YMF2018_030_S30001.trim	239139	145996	1690	1623	89829	12426714	66675	0.00537	myersPopGen_clusterRamp_deNovo_094_01
YMF2018_032_S32001.trim	242770	146930	1660	1656	92521	12809809	67668	0.00528	myersPopGen_clusterRamp_deNovo_094_01
YMF2018_033_S34001.trim	249588	151942	1736	1824	94084	12998738	69878	0.00538	myersPopGen_clusterRamp_deNovo_094_01
YMF2018_036_S36001.trim	233515	143804	1657	1620	86434	11947023	64009	0.00536	myersPopGen_clusterRamp_deNovo_094_01
YMF2018_037_S38001.trim	256388	155046	1788	1824	97729	13492448	72226	0.00535	myersPopGen_clusterRamp_deNovo_094_01
YMF2018_039_S40001.trim	228775	138844	1567	1582	86780	12011608	64809	0.00540	myersPopGen_clusterRamp_deNovo_094_01
YMF2018_009_S25001.trim	251275	151793	1738	1714	96028	13273739	70400	0.00530	myersPopGen_clusterRamp_deNovo_094_02
YMF2018_011_S27001.trim	240631	145375	1752	1628	91876	12675826	69242	0.00546	myersPopGen_clusterRamp_deNovo_094_02
YMF2018_012_S29001.trim	249010	150515	1872	1685	94937	13084899	71175	0.00544	myersPopGen_clusterRamp_deNovo_094_02
YMF2018_013_S31001.trim	254915	153068	1836	1660	98351	13542196	72921	0.00538	myersPopGen_clusterRamp_deNovo_094_02
YMF2018_017_S33001.trim	222084	138182	1517	1516	80867	11154891	61261	0.00549	myersPopGen_clusterRamp_deNovo_094_02
YMF2018_018_S35001.trim	221970	137468	1540	1503	81457	11231341	61008	0.00543	myersPopGen_clusterRamp_deNovo_094_02
YMF2018_019_S37001.trim	239219	144920	1701	1648	90947	12563826	67220	0.00535	myersPopGen_clusterRamp_deNovo_094_02
YMF2018_022_S39001.trim	239204	144800	1807	1542	91050	12555309	68502	0.00546	myersPopGen_clusterRamp_deNovo_094_02
YMF2018_025_S26001.trim	242823	146927	1710	1671	92514	12791093	69793	0.00546	myersPopGen_clusterRamp_deNovo_094_02
YMF2018_028_S28001.trim	267669	161255	1942	1721	102750	14166981	76482	0.00540	myersPopGen_clusterRamp_deNovo_094_02
YMF2018_030_S30001.trim	239139	145996	1690	1623	89829	12426714	66675	0.00537	myersPopGen_clusterRamp_deNovo_094_02
YMF2018_032_S32001.trim	242770	146930	1660	1656	92521	12809809	67668	0.00528	myersPopGen_clusterRamp_deNovo_094_02
YMF2018_033_S34001.trim	249588	151942	1736	1824	94084	12998738	69878	0.00538	myersPopGen_clusterRamp_deNovo_094_02
YMF2018_036_S36001.trim	233515	143804	1657	1620	86434	11947023	64009	0.00536	myersPopGen_clusterRamp_deNovo_094_02
YMF2018_037_S38001.trim	256388	155046	1788	1824	97729	13492448	72226	0.00535	myersPopGen_clusterRamp_deNovo_094_02
YMF2018_039_S40001.trim	228775	138844	1567	1582	86780	12011608	64809	0.00540	myersPopGen_clusterRamp_deNovo_094_02
YMF2018_009_S25001.trim	271834	170220	981	1364	99265	13718966	69268	0.00505	myersPopGen_clusterRamp_deNovo_095_01
YMF2018_011_S27001.trim	261363	163970	969	1309	95113	13118900	68795	0.00524	myersPopGen_clusterRamp_deNovo_095_01
YMF2018_012_S29001.trim	270858	170208	1077	1348	98223	13532750	71079	0.00525	myersPopGen_clusterRamp_deNovo_095_01
YMF2018_013_S31001.trim	277618	173617	1053	1362	101586	13986383	72148	0.00516	myersPopGen_clusterRamp_deNovo_095_01
YMF2018_017_S33001.trim	239268	153779	832	1164	83491	11515437	60982	0.00530	myersPopGen_clusterRamp_deNovo_095_01
YMF2018_018_S35001.trim	239071	152861	832	1188	84190	11605411	60752	0.00523	myersPopGen_clusterRamp_deNovo_095_01
YMF2018_019_S37001.trim	259559	163192	933	1317	94112	12998265	67082	0.00516	myersPopGen_clusterRamp_deNovo_095_01
YMF2018_022_S39001.trim	259458	162944	1031	1256	94223	12993375	68507	0.00527	myersPopGen_clusterRamp_deNovo_095_01
YMF2018_025_S26001.trim	263507	165614	950	1333	95609	13220356	68852	0.00521	myersPopGen_clusterRamp_deNovo_095_01
YMF2018_028_S28001.trim	292780	183938	1218	1360	106262	14647654	75528	0.00516	myersPopGen_clusterRamp_deNovo_095_01
YMF2018_030_S30001.trim	259112	164006	951	1286	92867	12843508	66236	0.00516	myersPopGen_clusterRamp_deNovo_095_01
YMF2018_032_S32001.trim	263085	165298	930	1329	95523	13224851	66910	0.00506	myersPopGen_clusterRamp_deNovo_095_01
YMF2018_033_S34001.trim	271641	171982	976	1433	97248	13434848	69153	0.00515	myersPopGen_clusterRamp_deNovo_095_01
YMF2018_036_S36001.trim	252551	160996	887	1361	89307	12341756	63664	0.00516	myersPopGen_clusterRamp_deNovo_095_01
YMF2018_037_S38001.trim	279568	175998	1031	1525	101014	13943708	71304	0.00511	myersPopGen_clusterRamp_deNovo_095_01
YMF2018_039_S40001.trim	247485	155695	868	1259	89662	12408837	64363	0.00519	myersPopGen_clusterRamp_deNovo_095_01
YMF2018_009_S25001.trim	271834	170220	981	1364	99265	13718966	69268	0.00505	myersPopGen_clusterRamp_deNovo_095_02
YMF2018_011_S27001.trim	261363	163970	969	1309	95113	13118900	68795	0.00524	myersPopGen_clusterRamp_deNovo_095_02
YMF2018_012_S29001.trim	270858	170208	1077	1348	98223	13532750	71079	0.00525	myersPopGen_clusterRamp_deNovo_095_02
YMF2018_013_S31001.trim	277618	173617	1053	1362	101586	13986383	72148	0.00516	myersPopGen_clusterRamp_deNovo_095_02
YMF2018_017_S33001.trim	239268	153779	832	1164	83491	11515437	60982	0.00530	myersPopGen_clusterRamp_deNovo_095_02
YMF2018_018_S35001.trim	239071	152861	832	1188	84190	11605411	60752	0.00523	myersPopGen_clusterRamp_deNovo_095_02
YMF2018_019_S37001.trim	259559	163192	933	1317	94112	12998265	67082	0.00516	myersPopGen_clusterRamp_deNovo_095_02
YMF2018_022_S39001.trim	259458	162944	1031	1256	94223	12993375	68507	0.00527	myersPopGen_clusterRamp_deNovo_095_02
YMF2018_025_S26001.trim	263507	165614	950	1333	95609	13220356	68852	0.00521	myersPopGen_clusterRamp_deNovo_095_02
YMF2018_028_S28001.trim	292780	183938	1218	1360	106262	14647654	75528	0.00516	myersPopGen_clusterRamp_deNovo_095_02
YMF2018_030_S30001.trim	259112	164006	951	1286	92867	12843508	66236	0.00516	myersPopGen_clusterRamp_deNovo_095_02
YMF2018_032_S32001.trim	263085	165298	930	1329	95523	13224851	66910	0.00506	myersPopGen_clusterRamp_deNovo_095_02
YMF2018_033_S34001.trim	271641	171982	976	1433	97248	13434848	69153	0.00515	myersPopGen_clusterRamp_deNovo_095_02
YMF2018_036_S36001.trim	252551	160996	887	1361	89307	12341756	63664	0.00516	myersPopGen_clusterRamp_deNovo_095_02
YMF2018_037_S38001.trim	279568	175998	1031	1525	101014	13943708	71304	0.00511	myersPopGen_clusterRamp_deNovo_095_02
YMF2018_039_S40001.trim	247485	155695	868	1259	89662	12408837	64363	0.00519	myersPopGen_clusterRamp_deNovo_095_02
YMF2018_009_S25001.trim	312004	206661	490	927	103920	14369874	59355	0.00413	myersPopGen_clusterRamp_deNovo_096_01
YMF2018_011_S27001.trim	300363	199399	555	866	99543	13737150	58326	0.00425	myersPopGen_clusterRamp_deNovo_096_01
YMF2018_012_S29001.trim	311826	207298	650	945	102930	14191457	60662	0.00427	myersPopGen_clusterRamp_deNovo_096_01
YMF2018_013_S31001.trim	320545	212628	623	864	106428	14659869	60984	0.00416	myersPopGen_clusterRamp_deNovo_096_01
YMF2018_017_S33001.trim	272373	183684	423	837	87428	12064126	51655	0.00428	myersPopGen_clusterRamp_deNovo_096_01
YMF2018_018_S35001.trim	272741	183545	433	784	87977	12135540	51317	0.00423	myersPopGen_clusterRamp_deNovo_096_01
YMF2018_019_S37001.trim	298296	198414	533	882	98463	13606362	56688	0.00417	myersPopGen_clusterRamp_deNovo_096_01
YMF2018_022_S39001.trim	298627	198252	599	828	98944	13649528	58499	0.00429	myersPopGen_clusterRamp_deNovo_096_01
YMF2018_025_S26001.trim	303198	201558	579	873	100188	13858764	58320	0.00421	myersPopGen_clusterRamp_deNovo_096_01
YMF2018_028_S28001.trim	341081	228050	812	1018	111200	15334373	63960	0.00417	myersPopGen_clusterRamp_deNovo_096_01
YMF2018_030_S30001.trim	296038	197560	530	843	97103	13439371	56050	0.00417	myersPopGen_clusterRamp_deNovo_096_01
YMF2018_032_S32001.trim	302021	200689	502	943	99882	13834945	56586	0.00409	myersPopGen_clusterRamp_deNovo_096_01
YMF2018_033_S34001.trim	313596	210281	575	968	101770	14068102	58837	0.00418	myersPopGen_clusterRamp_deNovo_096_01
YMF2018_036_S36001.trim	289517	194801	507	916	93293	12898348	53506	0.00415	myersPopGen_clusterRamp_deNovo_096_01
YMF2018_037_S38001.trim	324822	217464	619	1060	105679	14594482	60056	0.00411	myersPopGen_clusterRamp_deNovo_096_01
YMF2018_039_S40001.trim	283617	188606	472	851	93687	12971037	54081	0.00417	myersPopGen_clusterRamp_deNovo_096_01
YMF2018_009_S25001.trim	312004	206661	490	927	103920	14369874	59355	0.00413	myersPopGen_clusterRamp_deNovo_096_02
YMF2018_011_S27001.trim	300363	199399	555	866	99543	13737150	58326	0.00425	myersPopGen_clusterRamp_deNovo_096_02
YMF2018_012_S29001.trim	311826	207298	650	945	102930	14191457	60662	0.00427	myersPopGen_clusterRamp_deNovo_096_02
YMF2018_013_S31001.trim	320545	212628	623	864	106428	14659869	60984	0.00416	myersPopGen_clusterRamp_deNovo_096_02
YMF2018_017_S33001.trim	272373	183684	423	837	87428	12064126	51655	0.00428	myersPopGen_clusterRamp_deNovo_096_02
YMF2018_018_S35001.trim	272741	183545	433	784	87977	12135540	51317	0.00423	myersPopGen_clusterRamp_deNovo_096_02
YMF2018_019_S37001.trim	298296	198414	533	882	98463	13606362	56688	0.00417	myersPopGen_clusterRamp_deNovo_096_02
YMF2018_022_S39001.trim	298627	198252	599	828	98944	13649528	58499	0.00429	myersPopGen_clusterRamp_deNovo_096_02
YMF2018_025_S26001.trim	303198	201558	579	873	100188	13858764	58320	0.00421	myersPopGen_clusterRamp_deNovo_096_02
YMF2018_028_S28001.trim	341081	228050	812	1018	111200	15334373	63960	0.00417	myersPopGen_clusterRamp_deNovo_096_02
YMF2018_030_S30001.trim	296038	197560	530	843	97103	13439371	56050	0.00417	myersPopGen_clusterRamp_deNovo_096_02
YMF2018_032_S32001.trim	302021	200689	502	943	99882	13834945	56586	0.00409	myersPopGen_clusterRamp_deNovo_096_02
YMF2018_033_S34001.trim	313596	210281	575	968	101770	14068102	58837	0.00418	myersPopGen_clusterRamp_deNovo_096_02
YMF2018_036_S36001.trim	289517	194801	507	916	93293	12898348	53506	0.00415	myersPopGen_clusterRamp_deNovo_096_02
YMF2018_037_S38001.trim	324822	217464	619	1060	105679	14594482	60056	0.00411	myersPopGen_clusterRamp_deNovo_096_02
YMF2018_039_S40001.trim	283617	188606	472	851	93687	12971037	54081	0.00417	myersPopGen_clusterRamp_deNovo_096_02
YMF2018_009_S25001.trim	348146	240829	382	575	106356	14711950	50024	0.00340	myersPopGen_clusterRamp_deNovo_097_01
YMF2018_011_S27001.trim	336088	233043	450	561	102032	14085315	49935	0.00355	myersPopGen_clusterRamp_deNovo_097_01
YMF2018_012_S29001.trim	349207	242345	531	606	105723	14580475	51775	0.00355	myersPopGen_clusterRamp_deNovo_097_01
YMF2018_013_S31001.trim	360544	250007	509	561	109465	15079714	52521	0.00348	myersPopGen_clusterRamp_deNovo_097_01
YMF2018_017_S33001.trim	302468	212180	317	481	89490	12357104	43491	0.00352	myersPopGen_clusterRamp_deNovo_097_01
YMF2018_018_S35001.trim	303244	212355	316	445	90127	12437687	43056	0.00346	myersPopGen_clusterRamp_deNovo_097_01
YMF2018_019_S37001.trim	333490	231626	423	559	100879	13946612	48131	0.00345	myersPopGen_clusterRamp_deNovo_097_01
YMF2018_022_S39001.trim	333557	231200	481	528	101347	13987421	49378	0.00353	myersPopGen_clusterRamp_deNovo_097_01
YMF2018_025_S26001.trim	339735	235986	447	556	102745	14216690	49645	0.00349	myersPopGen_clusterRamp_deNovo_097_01
YMF2018_028_S28001.trim	385506	269654	669	631	114551	15796922	54695	0.00346	myersPopGen_clusterRamp_deNovo_097_01
YMF2018_030_S30001.trim	331650	231292	404	530	99422	13763423	47675	0.00346	myersPopGen_clusterRamp_deNovo_097_01
YMF2018_032_S32001.trim	337083	233743	424	589	102325	14178076	47915	0.00338	myersPopGen_clusterRamp_deNovo_097_01
YMF2018_033_S34001.trim	351542	246224	447	631	104239	14413075	50038	0.00347	myersPopGen_clusterRamp_deNovo_097_01
YMF2018_036_S36001.trim	323381	226893	420	563	95505	13209185	45320	0.00343	myersPopGen_clusterRamp_deNovo_097_01
YMF2018_037_S38001.trim	365687	255946	517	653	108570	14997797	51058	0.00340	myersPopGen_clusterRamp_deNovo_097_01
YMF2018_039_S40001.trim	315379	218488	379	504	96008	13297954	45877	0.00345	myersPopGen_clusterRamp_deNovo_097_01
YMF2018_009_S25001.trim	348146	240829	382	575	106356	14711950	50024	0.00340	myersPopGen_clusterRamp_deNovo_097_02
YMF2018_011_S27001.trim	336088	233043	450	561	102032	14085315	49935	0.00355	myersPopGen_clusterRamp_deNovo_097_02
YMF2018_012_S29001.trim	349207	242345	531	606	105723	14580475	51775	0.00355	myersPopGen_clusterRamp_deNovo_097_02
YMF2018_013_S31001.trim	360544	250007	509	561	109465	15079714	52521	0.00348	myersPopGen_clusterRamp_deNovo_097_02
YMF2018_017_S33001.trim	302468	212180	317	481	89490	12357104	43491	0.00352	myersPopGen_clusterRamp_deNovo_097_02
YMF2018_018_S35001.trim	303244	212355	316	445	90127	12437687	43056	0.00346	myersPopGen_clusterRamp_deNovo_097_02
YMF2018_019_S37001.trim	333490	231626	423	559	100879	13946612	48131	0.00345	myersPopGen_clusterRamp_deNovo_097_02
YMF2018_022_S39001.trim	333557	231200	481	528	101347	13987421	49378	0.00353	myersPopGen_clusterRamp_deNovo_097_02
YMF2018_025_S26001.trim	339735	235986	447	556	102745	14216690	49645	0.00349	myersPopGen_clusterRamp_deNovo_097_02
YMF2018_028_S28001.trim	385506	269654	669	631	114551	15796922	54695	0.00346	myersPopGen_clusterRamp_deNovo_097_02
YMF2018_030_S30001.trim	331650	231292	404	530	99422	13763423	47675	0.00346	myersPopGen_clusterRamp_deNovo_097_02
YMF2018_032_S32001.trim	337083	233743	424	589	102325	14178076	47915	0.00338	myersPopGen_clusterRamp_deNovo_097_02
YMF2018_033_S34001.trim	351542	246224	447	631	104239	14413075	50038	0.00347	myersPopGen_clusterRamp_deNovo_097_02
YMF2018_036_S36001.trim	323381	226893	420	563	95505	13209185	45320	0.00343	myersPopGen_clusterRamp_deNovo_097_02
YMF2018_037_S38001.trim	365687	255946	517	653	108570	14997797	51058	0.00340	myersPopGen_clusterRamp_deNovo_097_02
YMF2018_039_S40001.trim	315379	218488	379	504	96008	13297954	45877	0.00345	myersPopGen_clusterRamp_deNovo_097_02
YMF2018_009_S25001.trim	469020	357190	322	74	111431	15435462	27426	0.00178	myersPopGen_clusterRamp_deNovo_098_01
YMF2018_011_S27001.trim	451815	344473	377	68	106897	14777477	27577	0.00187	myersPopGen_clusterRamp_deNovo_098_01
YMF2018_012_S29001.trim	471679	359896	469	84	111229	15360886	29188	0.00190	myersPopGen_clusterRamp_deNovo_098_01
YMF2018_013_S31001.trim	487613	372057	421	87	115047	15872151	29587	0.00186	myersPopGen_clusterRamp_deNovo_098_01
YMF2018_017_S33001.trim	400929	307340	243	60	93286	12901603	23790	0.00184	myersPopGen_clusterRamp_deNovo_098_01
YMF2018_018_S35001.trim	401148	306800	265	44	94039	12996177	23869	0.00184	myersPopGen_clusterRamp_deNovo_098_01
YMF2018_019_S37001.trim	447447	341605	374	75	105392	14592825	26543	0.00182	myersPopGen_clusterRamp_deNovo_098_01
YMF2018_022_S39001.trim	450647	343982	417	67	106178	14674955	27605	0.00188	myersPopGen_clusterRamp_deNovo_098_01
YMF2018_025_S26001.trim	456731	348593	388	71	107679	14919954	27445	0.00184	myersPopGen_clusterRamp_deNovo_098_01
YMF2018_028_S28001.trim	529676	408420	595	94	120565	16648249	31047	0.00186	myersPopGen_clusterRamp_deNovo_098_01
YMF2018_030_S30001.trim	445077	340523	348	55	104150	14438696	26267	0.00182	myersPopGen_clusterRamp_deNovo_098_01
YMF2018_032_S32001.trim	452063	344635	356	66	107005	14848610	26203	0.00176	myersPopGen_clusterRamp_deNovo_098_01
YMF2018_033_S34001.trim	478183	368750	392	72	108968	15087219	27735	0.00184	myersPopGen_clusterRamp_deNovo_098_01
YMF2018_036_S36001.trim	432753	332786	346	60	99560	13789960	24876	0.00180	myersPopGen_clusterRamp_deNovo_098_01
YMF2018_037_S38001.trim	499958	385784	453	75	113645	15720224	28322	0.00180	myersPopGen_clusterRamp_deNovo_098_01
YMF2018_039_S40001.trim	421261	320865	308	72	100016	13873544	24897	0.00179	myersPopGen_clusterRamp_deNovo_098_01
YMF2018_009_S25001.trim	469020	357190	322	74	111431	15435462	27426	0.00178	myersPopGen_clusterRamp_deNovo_098_02
YMF2018_011_S27001.trim	451815	344473	377	68	106897	14777477	27577	0.00187	myersPopGen_clusterRamp_deNovo_098_02
YMF2018_012_S29001.trim	471679	359896	469	84	111229	15360886	29188	0.00190	myersPopGen_clusterRamp_deNovo_098_02
YMF2018_013_S31001.trim	487613	372057	421	87	115047	15872151	29587	0.00186	myersPopGen_clusterRamp_deNovo_098_02
YMF2018_017_S33001.trim	400929	307340	243	60	93286	12901603	23790	0.00184	myersPopGen_clusterRamp_deNovo_098_02
YMF2018_018_S35001.trim	401148	306800	265	44	94039	12996177	23869	0.00184	myersPopGen_clusterRamp_deNovo_098_02
YMF2018_019_S37001.trim	447447	341605	374	75	105392	14592825	26543	0.00182	myersPopGen_clusterRamp_deNovo_098_02
YMF2018_022_S39001.trim	450647	343982	417	67	106178	14674955	27605	0.00188	myersPopGen_clusterRamp_deNovo_098_02
YMF2018_025_S26001.trim	456731	348593	388	71	107679	14919954	27445	0.00184	myersPopGen_clusterRamp_deNovo_098_02
YMF2018_028_S28001.trim	529676	408420	595	94	120565	16648249	31047	0.00186	myersPopGen_clusterRamp_deNovo_098_02
YMF2018_030_S30001.trim	445077	340523	348	55	104150	14438696	26267	0.00182	myersPopGen_clusterRamp_deNovo_098_02
YMF2018_032_S32001.trim	452063	344635	356	66	107005	14848610	26203	0.00176	myersPopGen_clusterRamp_deNovo_098_02
YMF2018_033_S34001.trim	478183	368750	392	72	108968	15087219	27735	0.00184	myersPopGen_clusterRamp_deNovo_098_02
YMF2018_036_S36001.trim	432753	332786	346	60	99560	13789960	24876	0.00180	myersPopGen_clusterRamp_deNovo_098_02
YMF2018_037_S38001.trim	499958	385784	453	75	113645	15720224	28322	0.00180	myersPopGen_clusterRamp_deNovo_098_02
YMF2018_039_S40001.trim	421261	320865	308	72	100016	13873544	24897	0.00179	myersPopGen_clusterRamp_deNovo_098_02
